77.12 4912 872 9824 340 -2101 -3606
77.122 5288 1604 9880 522 -1900 -4004
77.124 5656 2012 10056 652 -1732 -4343
77.126 5948 3180 10016 758 -1609 -4706
77.128 6056 3852 9920 801 -1519 -5122
77.131 6112 4592 10144 777 -1491 -5494
77.133 6080 5392 10408 689 -1491 -5829
77.135 6276 6388 10636 643 -1534 -6179
77.137 6040 7076 10900 539 -1665 -6511
77.14 6144 7880 10844 446 -1798 -6843
77.142 6164 8684 11452 195 -1997 -7134
77.144 6200 9968 11612 31 -2164 -7366
77.146 5992 10936 11868 -222 -2344 -7602
77.149 5956 11744 12056 -548 -2563 -7776
77.151 6056 12512 11824 -800 -2750 -7889
77.153 6540 13348 12208 -1234 -2841 -8011
77.155 6416 13672 11448 -1396 -2884 -8108
77.157 6648 14092 10952 -1574 -2970 -8179
77.16 7048 14776 11064 -1880 -2960 -8151
77.162 6784 15620 11020 -2085 -3035 -8136
77.164 6744 17096 11360 -2407 -3146 -8110
77.166 6596 17852 12732 -2708 -3160 -8065
77.169 6024 18676 13592 -3020 -3292 -7970
77.171 5072 19408 14540 -3329 -3249 -7854
77.173 5752 19652 15240 -3545 -3167 -7626
77.175 5452 20316 16244 -3973 -2915 -7405
77.177 5448 20436 18412 -4534 -2536 -7169
77.18 5256 18660 20012 -4592 -2038 -6904
77.182 4180 18184 19996 -4736 -1512 -6733
77.184 4364 17552 22388 -5023 -871 -6509
77.186 4492 16348 24532 -5096 -324 -6279
77.189 5412 15292 27756 -5427 158 -6119
77.191 5192 13848 29100 -5450 585 -6015
77.193 4192 10720 29172 -5243 746 -5944
77.195 4584 8728 30240 -4890 819 -5843
77.198 4764 7704 31792 -4733 893 -5735
77.2 4768 6732 32767 -4628 822 -5615
77.202 4636 4356 32767 -4250 584 -5481
77.204 4776 2484 32767 -3951 232 -5344
77.206 5120 992 32767 -3411 -104 -5218
77.209 6684 -12 32767 13303 555 -1883
77.211 7200 -7412 -2716 -24817 331 -8253
77.213 10152 -10296 -32768 11520 1198 -4026
77.215 16512 1628 32767 -10473 78 -5091
77.218 13728 1288 32767 -2315 1603 -4805
77.22 13596 -13340 7640 -1267 3278 -4545
77.222 7644 -5704 32767 -6969 2290 -4771
77.224 9548 -13240 14656 2020 5329 -4638
77.226 4080 -7216 32767 -6061 3491 -4802
77.229 4292 -13752 27064 716 4875 -4590
77.231 4560 -13096 29908 -2568 4342 -4472
77.233 -584 -11144 32760 -1462 3955 -4440
77.235 160 -13192 31100 -260 4217 -4399
77.238 -1768 -11404 32767 -2738 3334 -4344
77.24 -2020 -16940 31744 792 3804 -4320
77.242 -4276 -13232 32767 -2018 2974 -4337
77.244 -4112 -15936 32767 320 3275 -4234
77.246 -4992 -14880 32767 -39 3164 -3938
77.249 -5364 -15000 32767 -1168 2725 -3896
77.251 -8132 -15700 30440 -613 2423 -4047
77.253 -7052 -15904 32767 -1188 2272 -3936
77.255 -7288 -17140 32767 -168 2268 -3729
77.258 -8672 -15996 32767 -1141 2062 -3641
77.26 -9568 -16996 32767 -437 1947 -3613
77.262 -10192 -17804 32767 -618 1661 -3524
77.264 -10600 -17884 32767 -465 1290 -3382
77.266 -10952 -17864 32767 -340 953 -3259
77.269 -11000 -17476 32767 -567 467 -3075
77.271 -10920 -18552 32767 -177 148 -2916
77.273 -10980 -18572 32767 -330 -302 -2760
77.275 -10564 -18708 32767 -97 -645 -2566
77.278 -10000 -18736 32767 -42 -992 -2383
77.28 -9356 -18732 32767 152 -1269 -2239
77.282 -8456 -18992 32767 479 -1545 -2089
77.284 -7760 -18916 32767 605 -1759 -1972
77.287 -6628 -18828 32767 923 -1889 -1855
77.289 -5492 -18432 32767 1208 -2074 -1770
77.291 -3452 -17740 32767 1529 -2142 -1699
77.293 -2288 -17028 32767 1692 -2128 -1653
77.296 -1108 -16672 32767 1994 -2126 -1630
77.298 108 -16112 32767 2141 -2043 -1617
77.3 1164 -15340 32600 2419 -1983 -1617
77.302 1940 -14912 31856 2698 -1891 -1634
77.304 2624 -14732 31304 3021 -1786 -1617
77.307 2972 -14128 30740 3205 -1658 -1683
77.309 3584 -13472 29800 3470 -1589 -1753
77.311 3824 -12952 29392 3744 -1411 -1795
77.313 3804 -12260 29140 3821 -1337 -1862
77.316 3612 -11584 28360 4074 -1270 -1917
77.318 3668 -11052 27168 4403 -1257 -1975
77.32 3500 -9768 26076 4463 -1265 -2055
77.322 3696 -9208 24760 4774 -1224 -2077
77.324 3696 -8304 24104 4843 -1191 -2139
77.327 3596 -7676 23592 4900 -1128 -2225
77.329 3752 -6556 21864 5004 -1040 -2287
77.331 3796 -5968 20972 5003 -960 -2328
77.333 3864 -5380 19904 5101 -804 -2407
77.336 3652 -4708 18912 5028 -653 -2492
77.338 3728 -4108 17984 5048 -506 -2542
77.34 3700 -2984 16684 4901 -311 -2602
77.342 3476 -2468 15352 4763 -148 -2696
77.344 3604 -1948 14212 4692 71 -2757
77.347 3584 -1564 13360 4476 280 -2836
77.349 3532 -876 11732 4322 515 -2861
77.351 3348 -484 10808 4113 711 -2921
77.353 3488 -172 9652 3933 924 -2939
77.356 3176 144 8836 3724 1099 -2990
77.358 2792 720 7780 3505 1273 -3018
77.36 2848 1004 6792 3297 1459 -3028
77.362 2692 1220 5824 3086 1578 -3040
77.364 2388 1672 5216 2897 1693 -3040
77.367 2484 2180 4672 2622 1746 -3049
77.369 2236 2680 3772 2400 1760 -3042
77.371 2188 2916 2996 2150 1754 -3009
77.373 2288 3300 2376 1883 1676 -3011
77.376 2044 3772 1796 1664 1532 -2979
77.378 2064 4260 1372 1390 1387 -3020
77.38 2048 4568 736 1163 1176 -3046
77.382 2200 4792 320 997 1031 -3050
77.384 2496 4964 72 773 867 -3106
77.387 3000 5068 -332 574 767 -3151
77.389 3348 5480 -772 490 709 -3205
77.391 3672 5980 -920 325 698 -3264
77.393 4256 6376 -1260 153 776 -3338
77.396 4468 6804 -1160 -22 860 -3414
77.398 4588 7536 -940 -200 1022 -3528
77.4 4560 7868 -1020 -389 1205 -3642
77.402 4788 8320 -1316 -543 1405 -3744
77.404 4844 8880 -1288 -765 1660 -3861
77.407 4984 9200 -1092 -965 1870 -3987
77.409 4880 9608 -1192 -1205 2088 -4112
77.411 4984 9612 -1668 -1309 2288 -4260
77.413 4852 9716 -2120 -1423 2545 -4444
77.416 4888 9756 -2164 -1513 2745 -4628
77.418 5064 10044 -2368 -1620 2996 -4857
77.42 4756 10316 -2424 -1781 3275 -5084
77.422 4848 10604 -2412 -1896 3577 -5271
77.424 4684 11024 -2524 -2101 3879 -5481
77.427 4228 11096 -2540 -2272 4208 -5711
77.429 3580 11132 -2996 -2405 4522 -5958
77.431 3032 11072 -2924 -2529 4847 -6147
77.433 2732 10920 -2816 -2651 5161 -6331
77.435 2312 11100 -2748 -2823 5389 -6467
77.438 1084 11000 -2980 -2993 5596 -6639
77.44 436 10488 -3552 -3083 5689 -6724
77.442 -444 9808 -3616 -3179 5736 -6779
77.444 -1100 9132 -3980 -3185 5664 -6821
77.447 -1956 8492 -4128 -3227 5521 -6835
77.449 -2996 7692 -4464 -3223 5348 -6851
77.451 -3484 7264 -4676 -3214 5098 -6824
77.453 -3888 6620 -4760 -3185 4830 -6804
77.456 -4088 5936 -5064 -3131 4581 -6745
77.458 -3956 4992 -5056 -3132 4414 -6721
77.46 -3728 4364 -4956 -3090 4288 -6682
77.462 -3496 3876 -4904 -2996 4231 -6624
77.464 -3344 3284 -4820 -2968 4257 -6575
77.467 -3444 2660 -5012 -2873 4291 -6521
77.469 -3532 1696 -5000 -2753 4350 -6439
77.471 -3848 1328 -4412 -2697 4401 -6346
77.473 -4008 892 -3920 -2618 4423 -6213
77.476 -4180 560 -3576 -2539 4367 -6076
77.478 -4500 -192 -2980 -2412 4263 -5937
77.48 -4672 -544 -2752 -2263 4089 -5748
77.482 -4788 -996 -1980 -2106 3915 -5574
77.485 -5060 -1580 -1164 -1865 3680 -5389
77.487 -5020 -1992 400 -1722 3486 -5132
77.489 -5292 -2248 1460 -1499 3303 -4900
77.491 -5408 -2488 2664 -1294 3071 -4651
77.493 -5712 -2676 3784 -1062 2874 -4421
77.496 -5776 -2872 5820 -801 2646 -4174
77.498 -5836 -2972 7204 -623 2386 -3924
77.5 -6192 -3172 8228 -359 2116 -3650
77.502 -6524 -3656 8784 107 1821 -3381
77.505 -6636 -3700 9776 354 1506 -3114
77.507 -6820 -3228 11436 658 1150 -2839
77.509 -6776 -2852 12664 883 841 -2618
77.511 -6832 -2176 13612 1125 512 -2349
77.513 -7004 -1620 14696 1241 170 -2074
77.516 -6508 -692 15728 1362 -72 -1864
77.518 -6404 8 16604 1491 -327 -1623
77.52 -6584 996 17192 1433 -598 -1380
77.522 -6060 1680 16980 1480 -792 -1121
77.525 -5892 2420 17100 1502 -859 -951
77.527 -6320 4020 16756 1435 -1036 -700
77.529 -5848 5104 16832 1385 -1042 -501
77.531 -5860 6204 16676 1168 -1020 -315
77.533 -5748 7392 16200 953 -928 -122
77.536 -5600 9204 16216 711 -865 19
77.538 -5580 10496 16544 472 -686 103
77.54 -5868 11940 17240 -107 -482 180
77.542 -5800 13160 17016 -432 -316 186
77.545 -5704 13432 16332 -661 -103 189
77.547 -6472 14776 16660 -1019 93 178
77.549 -6776 15772 16560 -1319 200 166
77.551 -6544 16300 15812 -1594 80 125
77.553 -6728 17124 16136 -1943 165 -50
77.556 -7844 16312 16204 -1911 22 -85
77.558 -7928 16560 16556 -1793 -230 -9
77.56 -7252 18292 17548 -2056 -318 11
77.562 -7176 19496 17672 -2182 -353 -59
77.565 -6784 19180 17340 -1952 -417 -150
77.567 -5584 19724 17432 -1876 -328 -358
77.569 -5492 21160 19244 -2289 -283 -627
77.571 -6004 22164 20872 -2820 -312 -813
77.573 -6312 21972 22144 -3338 -315 -1003
77.576 -5576 19240 22892 -3574 -186 -1160
77.578 -7940 17720 24676 -3974 -43 -1246
77.58 -9604 14864 25800 -3964 78 -1146
77.582 -10668 12480 26968 -3912 263 -956
77.585 -12324 9452 29884 -3818 373 -618
77.587 -13648 8568 29848 -3560 155 -358
77.589 -16728 7356 32767 -3903 202 -205
77.591 -16692 3312 32767 -3184 217 93
77.593 -15464 304 32767 -2530 66 556
77.596 -16072 1412 32767 -2959 -460 939
77.598 -13824 -3280 32767 -2050 -1581 530
77.6 -18376 -6212 32767 262 -4602 1142
77.602 -20300 8592 32767 -9613 -3772 940
77.605 20 -15916 6052 5859 -2641 1765
77.607 -10388 1096 32767 -11116 -7389 1366
77.609 -4892 -14424 15180 5611 -4995 1770
77.611 -1392 -7652 32767 -6921 -7122 1437
77.613 -248 -4260 32767 969 -5634 1383
77.616 3368 -8336 32767 -1237 -5653 1339
77.618 4304 -7628 32767 -2116 -5740 1055
77.62 8476 -14080 30256 1257 -4102 935
77.622 6768 -7700 32767 -2647 -4751 536
77.625 8916 -15004 32767 1802 -3433 321
77.627 7360 -9924 32767 -1162 -3697 -9
77.629 11024 -12848 32767 853 -2785 -250
77.631 11736 -16368 32767 1174 -2414 -478
77.633 8680 -13008 32767 236 -2502 -741
77.636 12196 -14248 32767 1761 -1521 -1015
77.639 10152 -12304 32767 151 -1614 -1364
77.641 11884 -14204 32767 1313 -889 -1587
77.643 11388 -13280 32767 154 -734 -1873
77.645 11060 -14428 32767 1158 -304 -2108
77.648 11612 -14608 32767 611 -146 -2358
77.65 11524 -15040 32767 886 165 -2632
77.652 11936 -15008 32767 784 453 -2846
77.654 11292 -14864 32767 643 592 -3100
77.657 10940 -16060 32767 962 813 -3260
77.659 10536 -15760 32767 866 948 -3442
77.661 9820 -15640 32767 1214 1136 -3722
77.663 8960 -15632 32767 1217 1225 -3961
77.665 8324 -15612 32767 1497 1346 -4078
77.668 6400 -14880 32767 1534 1338 -4243
77.67 4972 -14312 32767 1655 1286 -4385
77.672 4076 -13796 32767 1803 1252 -4482
77.674 3092 -13124 32767 1832 1188 -4576
77.677 1388 -12456 31860 2093 1122 -4649
77.679 876 -11532 31448 2120 1067 -4721
77.681 464 -10712 30880 2257 1106 -4770
77.683 508 -10428 30316 2386 1219 -4817
77.686 156 -10168 30556 2552 1400 -4858
77.688 -968 -9928 29828 2742 1440 -4918
77.69 -1860 -9708 29140 2981 1340 -4965
77.692 -2476 -8516 28592 3023 1297 -4965
77.694 -2892 -7664 27604 3144 1265 -4938
77.697 -3528 -7644 26780 3306 1184 -4907
77.699 -3616 -7676 25972 3535 1110 -4859
77.701 -3572 -7540 25132 3770 1022 -4796
77.703 -3968 -6668 24572 3881 923 -4768
77.706 -3956 -5500 23352 3951 809 -4726
77.708 -3568 -5128 22416 4055 733 -4670
77.71 -3572 -4900 21552 4169 625 -4619
77.712 -3712 -4588 20548 4296 492 -4579
77.714 -3460 -3704 18936 4385 388 -4550
77.717 -3312 -2820 17948 4396 234 -4538
77.719 -3208 -2200 16792 4408 115 -4532
77.721 -3456 -1584 15420 4389 -61 -4520
77.723 -3296 -912 14156 4319 -256 -4521
77.726 -2984 -176 12116 4234 -386 -4530
77.728 -3104 472 11648 4094 -544 -4580
77.73 -3288 1288 10792 3888 -685 -4572
77.732 -3124 1952 9680 3639 -795 -4561
77.734 -3572 2792 8380 3368 -892 -4612
77.737 -3920 2976 7412 3084 -1035 -4613
77.739 -3756 3276 5820 2917 -1172 -4620
77.741 -4320 3292 5216 2618 -1346 -4642
77.743 -4448 3644 4544 2325 -1548 -4604
77.746 -4624 4444 2940 2045 -1711 -4618
77.748 -4728 4660 2240 1734 -1833 -4666
77.75 -4628 4752 1668 1451 -1891 -4679
77.752 -4436 4816 936 1209 -1910 -4655
77.754 -4224 5236 236 900 -1924 -4664
77.757 -3896 5564 116 581 -1885 -4662
77.759 -3952 5604 -780 322 -1806 -4647
77.761 -4016 5728 -1188 38 -1750 -4655
77.763 -3872 6196 -1532 -211 -1689 -4626
77.766 -3764 6268 -1764 -535 -1618 -4601
77.768 -3808 6468 -1796 -809 -1540 -4532
77.77 -3832 6340 -2012 -1026 -1510 -4534
77.772 -3784 6348 -2496 -1222 -1406 -4445
77.775 -3756 6124 -2736 -1418 -1370 -4439
77.777 -3872 6100 -3180 -1602 -1337 -4327
77.779 -3888 6220 -3128 -1829 -1315 -4225
77.781 -4120 6180 -3520 -1963 -1344 -4110
77.783 -4408 5932 -4540 -2069 -1392 -3994
77.786 -4308 5888 -4276 -2258 -1444 -3788
77.788 -4052 6128 -4608 -2431 -1457 -3538
77.79 -3904 6532 -4056 -2763 -1536 -3331
77.792 -3748 6816 -4148 -2968 -1630 -3079
77.794 -3120 6688 -4112 -3256 -1660 -2787
77.797 -2788 6560 -4416 -3448 -1762 -2521
77.799 -2560 6360 -4512 -3646 -1880 -2247
77.801 -2200 6444 -4636 -3837 -2055 -1939
77.803 -1840 6208 -4584 -3919 -2229 -1697
77.806 -1724 6032 -4568 -4055 -2481 -1421
77.808 -1268 5996 -4140 -4161 -2718 -1160
77.81 -832 5992 -4396 -4282 -2967 -961
77.812 -396 5716 -4476 -4313 -3218 -795
77.814 464 5448 -4160 -4384 -3397 -627
77.817 1020 5188 -4112 -4461 -3625 -519
77.819 1712 4952 -4276 -4439 -3758 -392
77.821 2172 4740 -4260 -4446 -3891 -348
77.823 2856 4368 -3740 -4438 -3974 -319
77.826 3196 3936 -3540 -4364 -4036 -319
77.828 3620 3920 -3160 -4350 -4104 -361
77.83 4032 3876 -2664 -4275 -4120 -400
77.832 4416 3992 -1608 -4304 -4155 -480
77.834 4924 3772 -660 -4216 -4142 -599
77.837 5284 3408 -188 -4063 -4195 -704
77.839 5396 3144 792 -3869 -4216 -931
77.841 5712 2964 2304 -3721 -4294 -1100
77.843 6000 2820 4040 -3521 -4317 -1319
77.846 6032 2396 4912 -3307 -4336 -1568
77.848 6256 1956 6052 -2986 -4339 -1817
77.85 6300 1572 7196 -2664 -4343 -2097
77.852 6688 1300 8764 -2316 -4258 -2400
77.854 7044 960 10144 -1955 -4086 -2710
77.857 7464 1016 11016 -1622 -3924 -3032
77.859 7780 1052 11660 -1256 -3652 -3375
77.861 8028 1248 12768 -987 -3300 -3770
77.863 8644 1024 13780 -667 -2855 -4161
77.866 9020 1216 13804 -356 -2403 -4553
77.868 9200 1676 13796 -130 -1911 -4963
77.87 9248 1980 13960 100 -1383 -5414
77.872 9184 3000 13956 288 -835 -5871
77.875 9008 3448 13552 455 -416 -6281
77.877 8736 4288 13208 561 30 -6726
77.879 8636 5328 13344 549 356 -7141
77.881 8204 6736 13564 510 614 -7531
77.884 7752 7452 13096 416 740 -7889
77.886 7052 8004 12684 312 781 -8276
77.888 6216 8568 12296 245 689 -8603
77.89 5652 9208 12288 139 513 -8851
77.892 4928 10672 12324 -83 234 -9111
77.895 4756 11496 12144 -381 -34 -9288
77.897 3792 12316 11452 -621 -342 -9468
77.899 3272 13188 11416 -1015 -762 -9612
77.901 3376 14720 11668 -1438 -1095 -9731
77.904 3088 15892 11188 -1962 -1408 -9824
77.906 3048 16704 10468 -2389 -1734 -9800
77.908 2092 17812 10960 -3148 -2040 -9793
77.91 2300 17732 10876 -3682 -2317 -9731
77.912 2416 16272 9256 -3965 -2503 -9629
77.915 1528 15520 9848 -4337 -2672 -9525
77.917 2008 15048 10128 -4451 -2766 -9301
77.919 2112 16128 10812 -4783 -2813 -9029
77.921 2872 17668 11728 -5096 -2726 -8828
77.923 1264 18512 12760 -5706 -2422 -8536
77.926 1976 16676 13600 -5593 -2342 -8224
77.928 3020 16628 14700 -5480 -2049 -8074
77.93 2440 19000 18608 -6284 -1573 -7925
77.932 764 19364 17492 -6321 -1156 -7751
77.935 1000 17436 17380 -6391 -625 -7558
77.937 1492 14600 20400 -6102 -25 -7266
77.939 1212 13784 24068 -6402 431 -7055
77.941 1580 14380 26340 -6738 847 -6911
77.943 984 12840 26112 -6787 1024 -6805
77.946 412 10536 25952 -6702 921 -6652
77.948 976 8376 26436 -6363 866 -6492
77.95 552 7192 28172 -6299 756 -6297
77.952 -844 6376 28720 -6255 377 -5998
77.955 -1320 5628 29424 -6402 -27 -5820
77.957 -1348 3940 30084 -6478 -534 -5625
77.959 -984 1464 29940 -5219 -1037 -5455
77.961 1336 -5620 30096 -5544 -1445 -5617
77.963 1308 2468 32767 -6430 -2218 -5208
77.966 2984 -1012 30116 -5267 -2123 -5041
77.968 3404 -3304 32767 -5598 -2409 -4996
77.97 5160 -7904 32767 -4319 -2514 -4900
77.972 8260 -8696 32767 -4221 -1922 -4919
77.975 9964 -7308 32767 -4421 -1180 -4901
77.977 8148 -5184 32767 -4482 -259 -4986
77.979 6968 -7588 32767 -4510 458 -4997
77.981 5580 -13892 32767 -3685 1183 -4979
77.983 4224 -12976 32767 -3600 1447 -4954
77.986 3532 -13952 32767 -2949 1863 -4926
77.988 1992 -14232 32767 -2644 1766 -4786
77.99 -724 -14824 32767 -2400 1625 -4711
77.992 -524 -14700 32767 -2270 1679 -4738
77.995 -2208 -14920 32767 -2272 1385 -4761
77.997 -3448 -16732 32767 -1739 1083 -4730
77.999 -3568 -17168 32767 -1651 847 -4680
78.001 -4420 -16692 32767 -1554 628 -4626
78.003 -4568 -16880 32767 -1424 480 -4554
78.006 -4720 -17088 32767 -1408 402 -4454
78.008 -4828 -17224 32767 -1294 382 -4367
78.01 -5116 -17120 32767 -1330 368 -4281
78.012 -5364 -17312 32767 -1284 324 -4242
78.015 -5804 -17760 32767 -1228 257 -4166
78.017 -6064 -17924 32767 -1183 103 -4130
78.019 -6596 -18180 32767 -1104 -129 -4104
78.021 -7212 -18608 32767 -974 -476 -4046
78.023 -7444 -18456 32767 -847 -852 -3918
78.026 -7424 -18256 32767 -755 -1274 -3837
78.028 -7272 -18384 32767 -522 -1648 -3714
78.03 -7096 -18888 32767 -317 -1969 -3604
78.032 -6608 -19312 32767 11 -2264 -3473
78.035 -5852 -19484 32767 410 -2523 -3372
78.037 -4860 -19164 32767 841 -2725 -3212
78.039 -3936 -18924 32767 1274 -2839 -3141
78.041 -2212 -18624 32767 1694 -2967 -3061
78.043 -1124 -18252 32767 2056 -3017 -3005
78.046 112 -18064 32767 2513 -3000 -2985
78.048 1104 -17604 32767 2988 -2971 -2983
78.05 2420 -16868 32440 3389 -2912 -2967
78.052 3376 -16332 31708 3769 -2747 -2987
78.055 4216 -15612 30648 4175 -2646 -3015
78.057 4824 -14880 29792 4538 -2450 -3086
78.059 5604 -13648 29256 4835 -2219 -3155
78.061 5840 -13012 28276 5077 -2006 -3218
78.064 5992 -12232 26748 5383 -1785 -3273
78.066 6224 -11184 25708 5540 -1581 -3346
78.068 6188 -9980 23892 5697 -1363 -3418
78.07 6248 -9012 22540 5825 -1102 -3500
78.072 6320 -8264 21608 5962 -887 -3585
78.075 6064 -7504 20308 6015 -737 -3626
78.077 6024 -6624 19140 6035 -536 -3700
78.079 5652 -5460 17440 6030 -348 -3739
78.081 5616 -4708 16332 6016 -185 -3778
78.084 5356 -3932 15216 5924 -9 -3811
78.086 5052 -3136 14140 5834 201 -3857
78.088 4936 -2424 12460 5726 369 -3889
78.09 4852 -1800 11328 5583 586 -3900
78.093 4644 -1024 10408 5376 820 -3952
78.095 4568 -520 9336 5215 1018 -3959
78.097 4672 -196 8512 5010 1230 -3985
78.099 4456 800 7020 4797 1413 -3989
78.101 4176 1440 6396 4489 1580 -4010
78.104 4160 1784 5748 4291 1735 -4024
78.106 3788 2572 5036 3926 1724 -4048
78.108 3800 3244 3888 3605 1774 -4015
78.11 3228 3448 3428 3337 1676 -4036
78.112 2864 3784 2708 3079 1510 -3974
78.115 2960 4236 1952 2891 1347 -3969
78.117 2896 4760 1544 2517 1112 -3953
78.119 3164 5252 668 2275 974 -3937
78.121 3364 5544 236 2007 829 -3927
78.124 3584 5864 68 1679 729 -3942
78.126 4136 6156 -452 1481 707 -3983
78.128 4332 6716 -340 1185 711 -3977
78.13 4596 7272 -892 966 743 -3988
78.132 4720 7712 -644 701 847 -4037
78.135 4932 8264 -648 351 968 -4091
78.137 4996 8632 -608 123 1142 -4143
78.139 5160 9276 -520 -139 1335 -4207
78.141 5108 9560 -612 -378 1570 -4266
78.144 5312 9832 -788 -593 1805 -4357
78.146 5220 10020 -704 -790 2076 -4473
78.148 5304 9984 -1124 -976 2387 -4563
78.15 5248 10184 -1480 -1089 2693 -4686
78.152 5232 10344 -1408 -1310 3005 -4792
78.155 5100 10456 -1536 -1486 3333 -4934
78.157 4792 10636 -1616 -1619 3627 -5054
78.159 3984 11056 -1532 -1826 3923 -5195
78.161 3492 11428 -1572 -2059 4174 -5352
78.164 2968 11580 -1348 -2288 4392 -5486
78.166 2564 11580 -1572 -2484 4574 -5626
78.168 1780 11692 -1372 -2753 4757 -5794
78.17 1560 11352 -1756 -2889 4922 -5919
78.172 1148 11128 -1920 -3112 5079 -6070
78.175 888 10844 -2260 -3241 5241 -6216
78.177 548 10168 -2572 -3350 5378 -6313
78.179 84 8984 -3368 -3454 5548 -6427
78.181 -52 8272 -3640 -3446 5687 -6521
78.184 -324 7720 -3936 -3503 5820 -6629
78.186 -788 7468 -3972 -3579 5951 -6759
78.188 -1196 6624 -4336 -3638 6055 -6865
78.19 -1660 5972 -4564 -3677 6143 -6984
78.192 -2116 5328 -4772 -3688 6245 -7059
78.195 -2472 4588 -4924 -3667 6352 -7087
78.197 -2832 3916 -5108 -3669 6425 -7177
78.199 -3236 2972 -5296 -3595 6510 -7189
78.201 -3804 2484 -5284 -3504 6563 -7183
78.204 -4192 1964 -5104 -3372 6613 -7174
78.206 -4640 1508 -5120 -3285 6595 -7110
78.208 -5352 1028 -4688 -3190 6516 -7051
78.21 -5852 836 -4360 -3121 6413 -6960
78.213 -6336 364 -4220 -2997 6285 -6844
78.215 -7000 240 -3380 -2963 6091 -6649
78.217 -7616 -372 -2504 -2842 5859 -6525
78.219 -7908 -560 -1732 -2668 5614 -6312
78.221 -8328 -860 -1336 -2560 5278 -6104
78.224 -8840 -1048 -876 -2349 5008 -5840
78.226 -9180 -1456 -12 -2165 4665 -5564
78.228 -9408 -1984 1000 -1963 4328 -5267
78.23 -9528 -2264 1692 -1739 3963 -4963
78.232 -9624 -2388 2548 -1529 3581 -4662
78.235 -9800 -2700 3332 -1279 3201 -4338
78.237 -9736 -3376 4588 -980 2816 -4013
78.239 -9504 -3436 5832 -729 2480 -3671
78.241 -9524 -3664 7136 -436 2083 -3381
78.244 -9580 -3540 8276 -170 1751 -3046
78.246 -9372 -3336 10624 131 1408 -2753
78.248 -9604 -3004 12500 265 1088 -2410
78.25 -9876 -2816 13620 538 688 -2066
78.253 -10304 -2516 14972 732 262 -1761
78.255 -10276 -1948 16928 889 -146 -1423
78.257 -10144 -1872 17316 1163 -608 -1120
78.259 -9960 -1364 18180 1321 -998 -824
78.262 -9588 -720 18760 1591 -1341 -591
78.264 -9264 300 19528 1610 -1582 -413
78.266 -8428 2120 20184 1492 -1756 -219
78.268 -7044 2864 19776 1574 -1760 -106
78.27 -7360 3916 21092 1419 -1687 -34
78.273 -7080 5132 20784 1291 -1617 78
78.275 -6668 7384 20380 1025 -1465 111
78.277 -6664 8760 20008 802 -1406 112
78.279 -7288 10288 20272 390 -1360 128
78.282 -7768 11436 21344 -147 -1295 178
78.284 -8692 12288 21092 -515 -1350 284
78.286 -9864 13836 20672 -1135 -1456 292
78.288 -9544 13444 20124 -1427 -1443 278
78.29 -10032 12740 19172 -1376 -1555 174
78.293 -11868 12468 19312 -1272 -1769 14
78.295 -12356 13384 19076 -1290 -2106 -38
78.297 -11600 13792 20056 -1350 -2386 -179
78.299 -11024 13452 20524 -978 -2571 -212
78.302 -11312 14432 20372 -857 -2973 -215
78.304 -10624 16528 21156 -1087 -3293 -346
78.306 -8716 18484 21728 -1056 -3367 -590
78.308 -8856 19368 23384 -1199 -3542 -833
78.31 -9052 20404 24208 -1323 -3844 -886
78.313 -8240 21808 25380 -1638 -3932 -908
78.315 -6604 22976 26656 -1970 -3805 -1011
78.317 -7020 23048 27836 -2668 -3562 -1123
78.319 -7428 20716 28236 -2857 -3025 -1141
78.322 -8476 17768 28176 -2795 -2542 -955
78.324 -9344 15892 28528 -2908 -2397 -571
78.326 -11060 16024 27568 -2964 -2256 -389
78.328 -13196 15260 31332 -3776 -1936 -315
78.33 -12628 10508 31972 -3785 -1707 -432
78.333 -9224 4700 32767 4157 868 303
78.335 -18452 21644 32767 -10668 -3294 797
78.337 -16056 2980 4152 284 -4382 550
78.339 -13732 5652 32767 -4966 -3624 909
78.342 -7748 2264 32767 -1601 -4292 1055
78.344 -7380 1676 32767 -6154 -8573 1151
78.346 -5476 -1760 32767 -3972 -8449 1210
78.348 104 -4564 28496 -1819 -6474 1194
78.35 2596 -2508 32767 -3515 -7744 1038
78.353 3028 -4480 31548 -2208 -7256 853
78.355 6388 -7924 32767 -1289 -6539 678
78.357 6692 -6460 32767 -2774 -6559 460
78.359 8968 -8316 32767 -839 -5596 233
78.362 9132 -7112 32767 -2645 -5608 -3
78.364 11372 -8972 32767 -1415 -4651 -152
78.367 10660 -10344 32767 -1928 -4563 -544
78.369 12124 -12600 32767 -635 -3634 -679
78.371 13804 -13312 32767 -333 -3202 -862
78.373 10984 -10404 32767 -820 -3370 -1172
78.376 13284 -10244 32767 -103 -2537 -1404
78.378 14284 -12260 32767 -561 -2208 -1613
78.38 13720 -12436 32767 -315 -2104 -1871
78.382 14852 -13308 32767 -156 -1751 -2053
78.384 15232 -13268 32767 -97 -1563 -2253
78.387 14480 -13304 32767 281 -1386 -2462
78.389 14984 -13716 32767 404 -1110 -2696
78.391 15244 -13192 32767 517 -840 -2936
78.393 14636 -13464 32767 534 -725 -3114
78.396 14848 -13884 32767 660 -470 -3234
78.398 13908 -13700 32767 646 -264 -3401
78.4 13500 -14264 32767 976 -102 -3575
78.402 12944 -13844 32767 1078 119 -3784
78.405 12924 -13648 32767 1230 367 -3976
78.407 12228 -13228 32767 1333 621 -4125
78.409 11768 -12788 32767 1315 929 -4253
78.411 10860 -12696 32384 1497 1231 -4376
78.413 9572 -12328 31608 1499 1375 -4486
78.416 8404 -12092 30532 1704 1527 -4583
78.418 7092 -11260 29784 1814 1650 -4668
78.42 6384 -10604 29488 1940 1826 -4761
78.422 5728 -10160 28916 2060 2012 -4834
78.425 5296 -9648 28940 2137 2244 -4913
78.427 4676 -9656 28176 2340 2518 -4992
78.429 3836 -9140 27884 2419 2737 -5073
78.431 3392 -8672 27652 2551 2928 -5070
78.433 2524 -7996 27100 2643 3073 -5081
78.436 1476 -7512 26144 2666 3089 -5060
78.438 424 -7280 24596 2881 3041 -5010
78.44 -252 -7108 23556 2987 2953 -4976
78.442 -860 -6856 22308 3115 2813 -4907
78.445 -1620 -5952 20088 3176 2584 -4819
78.447 -1676 -5404 18608 3250 2405 -4786
78.449 -1576 -4912 17668 3255 2229 -4768
78.451 -1672 -4188 16548 3233 2041 -4737
78.454 -1584 -3092 14928 3134 1888 -4698
78.456 -1360 -2436 13524 3090 1763 -4638
78.458 -1400 -1904 12648 2948 1687 -4627
78.46 -1248 -1448 11640 2777 1560 -4613
78.463 -848 -928 10140 2636 1589 -4624
78.465 -952 -720 9292 2495 1567 -4600
78.467 -1292 -252 8212 2287 1466 -4600
78.469 -1632 256 6536 2233 1418 -4638
78.472 -1700 388 6212 1906 1325 -4640
78.474 -2128 660 4904 1720 1223 -4665
78.476 -2248 772 3768 1501 1125 -4677
78.478 -2468 832 2828 1328 1011 -4708
78.48 -2812 968 1836 1106 920 -4711
78.483 -3096 1284 764 902 838 -4723
78.485 -3168 1376 152 702 793 -4724
78.487 -3208 1752 -420 481 723 -4749
78.489 -3252 1988 -820 202 756 -4749
78.492 -3252 2256 -1176 -39 757 -4728
78.494 -3344 2444 -2088 -287 781 -4720
78.496 -3516 2448 -2488 -489 809 -4701
78.498 -3708 2552 -2408 -708 826 -4660
78.5 -3520 2612 -2456 -886 865 -4614
78.503 -3628 2796 -2692 -1125 882 -4560
78.505 -3852 2780 -2936 -1235 896 -4528
78.507 -4040 2704 -2960 -1428 899 -4451
78.509 -4356 2716 -3404 -1490 855 -4407
78.512 -4460 2680 -3616 -1516 818 -4342
78.514 -4488 3500 -3656 -1660 745 -4301
78.516 -4392 4252 -3672 -1831 736 -4256
78.518 -4240 4892 -3528 -2027 719 -4223
78.52 -4220 5760 -3400 -2301 754 -4215
78.523 -3572 6632 -3420 -2523 849 -4150
78.525 -3296 7340 -3204 -2887 965 -4156
78.527 -3112 7824 -3280 -3195 1088 -4046
78.529 -3048 7896 -3408 -3472 1210 -3948
78.532 -2908 8280 -3252 -3822 1205 -3792
78.534 -3196 8496 -3464 -4061 1159 -3596
78.536 -3552 8292 -3360 -4406 1002 -3393
78.538 -4152 7952 -3476 -4492 743 -3153
78.54 -4220 7728 -3516 -4608 360 -2910
78.543 -4360 7864 -3124 -4772 -100 -2653
78.545 -4156 7952 -2924 -4932 -594 -2401
78.547 -3904 7696 -2896 -5098 -1098 -2163
78.549 -3484 7104 -2848 -5132 -1528 -1967
78.552 -2348 6412 -3180 -5151 -1950 -1790
78.554 -1788 6128 -3084 -5178 -2290 -1626
78.556 -1064 5792 -3184 -5181 -2577 -1538
78.558 -472 5356 -3188 -5195 -2773 -1465
78.56 100 4860 -3576 -5116 -2905 -1389
78.563 500 4152 -3360 -5043 -3016 -1389
78.565 688 3592 -3008 -4921 -3094 -1333
78.567 804 3404 -2924 -4827 -3127 -1321
78.569 920 3208 -2756 -4723 -3183 -1339
78.572 844 3028 -2004 -4563 -3188 -1383
78.574 928 2952 -1144 -4496 -3182 -1451
78.576 1156 2664 -576 -4332 -3165 -1534
78.578 1112 2680 -4 -4211 -3128 -1660
78.58 1236 2532 1052 -4046 -3092 -1747
78.583 1560 2404 2552 -3934 -3057 -1889
78.585 1584 1960 3308 -3692 -3052 -2066
78.587 1768 1548 4348 -3405 -3043 -2281
78.589 1956 1380 5300 -3122 -3048 -2521
78.592 1984 1252 6820 -2780 -2991 -2751
78.594 2048 1048 7524 -2468 -2978 -2984
78.596 2284 1064 8700 -2220 -2898 -3226
78.598 2576 744 9620 -1895 -2711 -3499
78.6 2532 520 9924 -1523 -2603 -3746
78.603 2708 504 10600 -1221 -2439 -4021
78.605 2996 700 11084 -945 -2136 -4279
78.607 3272 788 11232 -668 -1887 -4543
78.609 3416 976 10932 -410 -1641 -4845
78.612 3472 1324 11448 -267 -1362 -5161
78.614 3384 1516 11088 -9 -1120 -5438
78.616 3316 1876 11064 169 -936 -5754
78.618 3312 2236 11184 277 -856 -6020
78.62 2884 3140 11292 354 -804 -6317
78.623 2428 3516 11364 378 -843 -6664
78.625 2272 4072 11340 477 -975 -6948
78.627 2372 4564 11536 472 -1062 -7235
78.629 2296 5340 11836 488 -1211 -7546
78.632 2540 6820 12200 326 -1344 -7836
78.634 2540 7748 12184 139 -1469 -8042
78.636 2392 8436 12092 -20 -1611 -8223
78.638 2388 9164 12416 -278 -1765 -8383
78.642 1868 10376 12744 -689 -2019 -8573
78.644 980 11736 12916 -963 -2257 -8585
78.646 500 12852 12920 -1328 -2538 -8587
78.648 416 13560 13272 -1695 -2841 -8524
78.651 -376 13808 13220 -2016 -3074 -8509
78.653 -832 13348 12700 -2115 -3369 -8440
78.655 -752 13524 13032 -2168 -3676 -8366
78.657 -552 14756 14096 -2506 -3871 -8298
78.66 -204 16068 14224 -2685 -4055 -8127
78.662 -220 16156 15052 -2895 -4171 -8018
78.664 224 15948 16524 -3019 -4142 -7848
78.666 -492 15600 17272 -2965 -4054 -7636
78.668 60 16028 18972 -3178 -3911 -7337
78.671 64 16308 20952 -3115 -3655 -7113
78.673 364 16832 22744 -3770 -3345 -6805
78.675 -1876 16532 21788 -3828 -2863 -6425
78.677 44 14256 21304 -3696 -2967 -6174
78.68 280 13464 26024 -3562 -2848 -6044
78.682 916 15416 26320 -4206 -2908 -5895
78.684 528 14512 24472 -4179 -2949 -5806
78.686 1548 11580 24612 -3869 -2989 -5625
78.689 2776 8512 29648 -3626 -3035 -5371
78.691 4484 9252 32767 -3882 -3063 -5148
78.693 5288 10036 32767 -4308 -3003 -5003
78.695 5620 8496 32767 -4450 -2993 -4911
78.697 6296 3212 32767 -4230 -2982 -4786
78.7 7432 -1304 32767 -3463 -2830 -4633
78.702 4768 -3716 31908 -2451 -2753 -4691
78.704 8792 6056 32767 -5071 -2375 -4319
78.706 5240 -1208 32767 -4003 -1852 -4303
78.709 6824 -3988 32767 -5324 -1183 -4128
78.711 2696 -12688 32460 -3679 -1273 -3913
78.713 5436 -13884 31936 -3129 -659 -3880
78.715 4356 -13128 32767 -2885 -515 -3926
78.718 4468 -11204 32767 -2501 -212 -3969
78.72 2984 -11860 32767 -2788 -183 -3839
78.722 3200 -13644 32767 -2119 68 -3675
78.724 2952 -14168 32767 -2394 41 -3608
78.726 964 -15268 32767 -2111 -58 -3564
78.729 500 -15788 32767 -1975 -311 -3639
78.731 656 -16620 32767 -1955 -504 -3722
78.733 536 -17952 32767 -1591 -633 -3804
78.735 364 -18248 32767 -1504 -796 -3863
78.738 716 -17792 32767 -1294 -739 -3938
78.74 752 -17080 32767 -1542 -667 -4073
78.742 580 -17364 32767 -1447 -593 -4118
78.744 96 -17576 32767 -1432 -551 -4188
78.747 -892 -17112 32767 -1521 -579 -4276
78.749 -1248 -17048 32767 -1522 -597 -4312
78.751 -1732 -17180 32767 -1614 -712 -4376
78.753 -2276 -17872 32767 -1477 -847 -4405
78.755 -3012 -18268 32767 -1498 -1091 -4403
78.758 -3012 -18356 32767 -1398 -1325 -4396
78.76 -2844 -18344 32767 -1314 -1569 -4376
78.762 -2932 -18556 32767 -1173 -1786 -4272
78.764 -2940 -18604 32767 -1020 -1978 -4150
78.767 -2488 -19020 32767 -832 -2194 -4039
78.769 -2184 -19428 32767 -382 -2320 -3900
78.771 -1420 -19536 32767 -8 -2409 -3798
78.773 -620 -19548 32767 419 -2470 -3670
78.775 572 -18688 32767 711 -2512 -3525
78.778 1328 -18272 32767 1068 -2547 -3431
78.78 2312 -17916 32767 1424 -2503 -3358
78.782 3056 -17644 32767 1727 -2460 -3231
78.784 3780 -17608 32767 2103 -2394 -3189
78.787 4156 -17020 32767 2526 -2300 -3145
78.789 4948 -16400 32324 2883 -2246 -3141
78.791 5408 -15824 31364 3248 -2128 -3086
78.793 5684 -15240 30756 3524 -1992 -3127
78.795 6352 -14880 29168 3935 -1841 -3156
78.798 6880 -14112 28036 4312 -1633 -3242
78.8 7224 -13456 27632 4646 -1363 -3312
78.802 7356 -12536 26768 4879 -1107 -3358
78.804 7380 -10992 24716 5054 -869 -3400
78.807 7228 -10004 22884 5243 -638 -3503
78.809 7128 -9272 21360 5382 -380 -3584
78.811 7128 -8252 19844 5438 -116 -3645
78.813 6936 -7444 18748 5478 144 -3716
78.815 6592 -6004 16828 5388 396 -3791
78.818 6436 -5180 15216 5375 630 -3858
78.82 6404 -4584 14164 5304 902 -3946
78.822 5940 -3856 13156 5102 1132 -4007
78.824 5824 -3000 10536 5030 1336 -4102
78.827 5696 -2356 9716 4861 1585 -4142
78.829 5528 -1776 8380 4637 1799 -4221
78.831 5360 -1260 7220 4446 2032 -4274
78.833 5120 -548 5804 4221 2232 -4303
78.836 4816 -28 4624 3987 2388 -4326
78.838 4728 572 3712 3721 2529 -4345
78.84 4532 1200 2716 3449 2635 -4371
78.842 4540 1788 1520 3150 2686 -4403
78.844 4272 2380 840 2833 2748 -4385
78.847 4136 2684 344 2525 2675 -4420
78.849 4236 3592 -536 2182 2609 -4397
78.851 4188 4456 -1140 1810 2487 -4368
78.853 3952 4912 -1520 1352 2284 -4384
78.856 3856 4840 -2516 1138 2082 -4368
78.858 3920 4912 -3200 872 1867 -4370
78.86 4068 5500 -3296 576 1695 -4407
78.862 4536 6484 -3416 260 1625 -4448
78.864 4708 6824 -3668 -3 1542 -4448
78.867 4840 7060 -3736 -266 1588 -4492
78.869 5040 7552 -3872 -533 1700 -4546
78.871 5216 8124 -3472 -772 1870 -4617
78.873 5416 8952 -3092 -1063 2066 -4709
78.876 5280 9616 -2880 -1309 2321 -4800
78.878 5328 10032 -2648 -1549 2620 -4893
78.88 5268 10668 -2464 -1859 2889 -4973
78.882 5056 11300 -2668 -2078 3174 -5081
78.884 4896 11476 -2648 -2249 3426 -5180
78.887 4708 11656 -2544 -2419 3646 -5276
78.889 4272 11748 -2704 -2536 3875 -5360
78.891 3936 12204 -2856 -2720 4001 -5474
78.893 3332 12836 -2816 -2880 4217 -5568
78.896 2800 13000 -2704 -3113 4435 -5654
78.898 2176 13280 -2764 -3289 4584 -5790
78.9 1788 13488 -3060 -3445 4799 -5908
78.902 1196 13720 -2900 -3686 4989 -6031
78.904 764 13692 -3152 -3869 5185 -6198
78.907 356 13504 -3480 -4028 5410 -6362
78.909 8 12908 -3976 -4111 5616 -6539
78.911 -500 12460 -4024 -4231 5813 -6695
78.913 -1384 11988 -4508 -4338 6025 -6865
78.916 -1920 11520 -4588 -4423 6193 -6998
78.918 -2660 11140 -4884 -4445 6353 -7124
78.92 -3264 10700 -4880 -4559 6484 -7234
78.922 -4156 9836 -4764 -4668 6602 -7303
78.924 -4624 9048 -5332 -4707 6690 -7320
78.927 -5212 8132 -5320 -4693 6760 -7366
78.929 -5672 7180 -5396 -4671 6813 -7334
78.931 -6068 6216 -5488 -4596 6870 -7286
78.933 -6732 4696 -5212 -4489 6843 -7194
78.936 -7076 4004 -4840 -4328 6870 -7094
78.938 -7396 3404 -4016 -4261 6867 -6969
78.94 -8052 2840 -3288 -4205 6823 -6821
78.942 -8396 1456 -1940 -4034 6723 -6680
78.944 -8760 520 -1268 -3866 6530 -6491
78.947 -9200 -232 -448 -3645 6308 -6274
78.949 -9640 -908 668 -3399 6090 -6047
78.951 -9584 -1788 2468 -3164 5802 -5748
78.953 -10020 -2348 3264 -2914 5460 -5435
78.956 -10380 -2912 4152 -2643 5065 -5138
78.958 -10372 -3620 5052 -2319 4682 -4815
78.96 -10640 -4276 5944 -1983 4197 -4475
78.962 -11076 -4840 7168 -1665 3637 -4151
78.965 -10988 -5372 8128 -1214 3126 -3771
78.967 -10864 -5484 9288 -925 2601 -3434
78.969 -11116 -5688 10112 -548 2103 -3119
78.971 -10656 -5940 11744 -153 1667 -2826
78.973 -10712 -5588 12832 93 1255 -2542
78.976 -10528 -5164 14184 376 890 -2204
78.978 -10392 -4620 15316 513 588 -1918
78.98 -10492 -4360 16500 697 303 -1607
78.982 -10316 -4048 17400 906 45 -1330
78.984 -9900 -3792 18064 1126 -199 -1091
78.987 -9536 -3056 18588 1292 -426 -835
78.989 -9216 -2240 19348 1396 -598 -661
78.991 -8732 -948 20444 1445 -675 -493
78.993 -7708 288 19972 1333 -770 -364
78.996 -7196 972 20428 1502 -621 -290
78.998 -7632 2384 21544 1186 -565 -242
79.0 -7152 3764 21640 1097 -423 -172
79.002 -7104 5764 20720 962 -203 -88
79.004 -7532 7028 20964 652 -136 -69
79.007 -8052 8272 20792 430 -89 -14
79.009 -8312 9500 20524 121 -90 107
79.011 -9892 11660 20160 -214 -202 149
79.013 -10080 12584 20132 -711 -365 256